0.000000000000000000e+00
1.100000000000000000e+01
2.100000000000000000e+01
3.100000000000000000e+01
4.100000000000000000e+01
5.100000000000000000e+01
6.100000000000000000e+01
7.100000000000000000e+01
8.200000000000000000e+01
9.200000000000000000e+01
1.030000000000000000e+02
1.130000000000000000e+02
1.230000000000000000e+02
1.330000000000000000e+02
1.470000000000000000e+02
1.570000000000000000e+02
1.680000000000000000e+02
1.780000000000000000e+02
1.880000000000000000e+02
1.990000000000000000e+02
2.100000000000000000e+02
2.210000000000000000e+02
2.320000000000000000e+02
2.420000000000000000e+02
2.520000000000000000e+02
2.630000000000000000e+02
2.730000000000000000e+02
2.830000000000000000e+02
2.940000000000000000e+02
3.050000000000000000e+02
3.150000000000000000e+02
3.260000000000000000e+02
3.360000000000000000e+02
3.460000000000000000e+02
3.560000000000000000e+02
3.660000000000000000e+02
3.760000000000000000e+02
3.860000000000000000e+02
4.000000000000000000e+02
4.140000000000000000e+02
4.250000000000000000e+02
4.390000000000000000e+02
4.490000000000000000e+02
4.590000000000000000e+02
4.690000000000000000e+02
4.830000000000000000e+02
